,category,group,year,num,dem_margin,turnout
0,state,AK,2004,324078.0,-0.2531211621893495,0.4335526439008206
1,state,AK,2008,331335.0,-0.212199133807174,0.4432610830321046
2,state,AK,2012,308459.0,-0.14102036251171143,0.4049724358949111
3,state,AK,2016,325748.0,-0.13804843007478174,0.42696747031853344
4,state,AK,2020,349411.0,-0.10203456674231778,0.6614525753055384
5,state,AL,2004,1883415.0,-0.25616287435323604,0.549081373246417
6,state,AL,2008,2099819.0,-0.21576478734595697,0.6121707112287617
7,state,AL,2012,2070353.0,-0.22229494197366342,0.5750788862593469
8,state,AL,2016,2123367.0,-0.2772497641717141,0.5783983885004964
9,state,AL,2020,2309900.0,-0.25571929520758474,0.6292093818907879
10,state,AR,2004,1053694.0,-0.09883229856106232,0.5096168541608226
11,state,AR,2008,1086617.0,-0.19851244734805365,0.5255399928420116
12,state,AR,2012,1069468.0,-0.23687945782389,0.4968838711176156
13,state,AR,2016,1129896.0,-0.26938585498134343,0.5145562227186098
14,state,AR,2020,1212124.0,-0.27885018364457764,0.5520029692171422
15,state,AZ,2004,2012585.0,-0.10472601157218205,0.49237071686148637
16,state,AZ,2008,2293475.0,-0.0851999694786296,0.5610893104409987
17,state,AZ,2012,2299254.0,-0.09064766224175319,0.5173571124806772
18,state,AZ,2016,2628756.0,-0.03470614998120784,0.5462055037026571
19,state,AZ,2020,3385845.0,0.0030884461633654227,0.7035141997523251
20,state,CA,2004,12383678.0,0.09979741075308968,0.5643583230775646
21,state,CA,2008,13561900.0,0.24057779514669772,0.6180531455796593
22,state,CA,2012,13038547.0,0.23118580620984838,0.5459734264718168
23,state,CA,2016,14181595.0,0.3010929306611844,0.5620339615806993
24,state,CA,2020,16909159.0,0.29723080846303473,0.6701306601808849
25,state,CO,2004,2129028.0,-0.04668985095545949,0.6328961977677994
26,state,CO,2008,2400762.0,0.08959280428463963,0.7136745695901687
27,state,CO,2012,2569217.0,0.053692623083219516,0.6983247329860578
28,state,CO,2016,2779714.0,0.04904677243774,0.6986251000606961
29,state,CO,2020,3019124.0,0.1508775393127278,0.8062984303330952
30,state,CT,2004,1578769.0,0.1036643106116221,0.6416495121896699
31,state,CT,2008,1647085.0,0.22600533670089887,0.6694147698522852
32,state,CT,2012,1533545.0,0.1744089674577531,0.5980528267745093
33,state,CT,2016,1644920.0,0.13639386717895094,0.6324231635768056
34,state,CT,2020,1823932.0,0.20034409177535129,0.7012479911418004
35,state,DC,2004,227586.0,0.7984410288857838,0.529134407477157
36,state,DC,2008,265853.0,0.8592455229017539,0.6181046708981424
37,state,DC,2012,293764.0,0.8363482251058673,0.6179301640723601
38,state,DC,2016,311268.0,0.867763470706915,0.6089086249731019
39,state,DC,2020,333682.0,0.866372774078314,0.6527553355895068
40,state,DE,2004,375170.0,0.07593890769517819,0.6015472802340963
41,state,DE,2008,412412.0,0.24995635432528637,0.6612610734757687
42,state,DE,2012,413937.0,0.18626022800571101,0.613844750754447
43,state,DE,2016,442997.0,0.1139420808718795,0.6291632640018179
44,state,DE,2020,504010.0,0.18980774190988273,0.7158165330454975
45,state,FL,2004,7609810.0,-0.050064062046227174,0.6071300064544078
46,state,FL,2008,8391639.0,0.028141582353578366,0.6695063135916746
47,state,FL,2012,8474179.0,0.008768873067231646,0.6197506422993916
48,state,FL,2016,9420039.0,-0.011986256107856879,0.639769453036736
49,state,FL,2020,11067083.0,-0.033583194415366724,0.7516297583929492
50,state,GA,2004,3298790.0,-0.16615334713637425,0.5093964063571284
51,state,GA,2008,3925278.0,-0.052125480029694714,0.6061381619177625
52,state,GA,2012,3900050.0,-0.07816848501942283,0.5666325965024688
53,state,GA,2016,4114711.0,-0.05131368885931478,0.5671778747875518
54,state,GA,2020,4992772.0,0.002845112895201303,0.6882111069911823
55,state,HI,2004,428555.0,0.08684766249372892,0.47226553675429367
56,state,HI,2008,452742.0,0.4522929173789929,0.4989194937434225
57,state,HI,2012,434221.0,0.42680800790380935,0.43897066256899653
58,state,HI,2016,428937.0,0.3218281472570564,0.42198064900121496
59,state,HI,2020,574341.0,0.29472038388344207,0.5650265375288371
60,state,IA,2004,1506908.0,-0.006675258210852952,0.6828939795617792
61,state,IA,2008,1536820.0,0.09536640595515415,0.6964493689529377
62,state,IA,2012,1582180.0,0.0581014802361299,0.6958384184890766
63,state,IA,2016,1566031.0,-0.09406838051098605,0.6771645269671327
64,state,IA,2020,1688233.0,-0.0820834564897144,0.7300056645464255
65,state,ID,2004,598376.0,-0.3812602778186291,0.5774715305925497
66,state,ID,2008,655032.0,-0.25429597332649395,0.6321482339316734
67,state,ID,2012,652274.0,-0.3190744993668305,0.5841085340736097
68,state,ID,2016,690433.0,-0.31761228098888666,0.5788629542062813
69,state,ID,2020,867371.0,-0.30752584534184335,0.7276083500757077
70,state,IL,2004,5275415.0,0.1033816296916925,0.6040505415989191
71,state,IL,2008,5523051.0,0.25133680641370143,0.6324055923237227
72,state,IL,2012,5241891.0,0.1687196471654981,0.5863471779917248
73,state,IL,2016,5558707.0,0.16995211296439983,0.6138724372318515
74,state,IL,2020,5939321.0,0.16575244880685855,0.6561444345631003
75,state,IN,2004,2468002.0,-0.20681790371320607,0.5355936175869009
76,state,IN,2008,2751054.0,0.010320044608357379,0.5970201661250333
77,state,IN,2012,2624534.0,-0.10198229476166054,0.54984847675404
78,state,IN,2016,2734958.0,-0.19165193761659227,0.5608772377756108
79,state,IN,2020,3034891.0,-0.1606986873663667,0.6223866256922633
80,state,KS,2004,1187756.0,-0.2538088630998286,0.5989586668919107
81,state,KS,2008,1235872.0,-0.14960287149478263,0.6232224847266942
82,state,KS,2012,1156254.0,-0.21612984690215126,0.5657373519913886
83,state,KS,2016,1184403.0,-0.20602193679009595,0.5700905384656113
84,state,KS,2020,1334330.0,-0.15151499254307405,0.6422551346043696
85,state,KY,2004,1795860.0,-0.1986268417359928,0.5657561671757084
86,state,KY,2008,1826508.0,-0.16231902625118533,0.5754113156904039
87,state,KY,2012,1797212.0,-0.22691813764875818,0.5476675072183327
88,state,KY,2016,1924149.0,-0.29837450218252326,0.5764057414433292
89,state,KY,2020,2135193.0,-0.2595193970755805,0.6396269230135537
90,state,LA,2004,1913268.0,-0.1422848236629683,0.597576919833464
91,state,LA,2008,1959085.0,-0.1870470142949387,0.6066687311295192
92,state,LA,2012,1994065.0,-0.17207112105172098,0.5889929258170755
93,state,LA,2016,2029032.0,-0.19639118555054824,0.5876567953080878
94,state,LA,2020,2148062.0,-0.18609425612482322,0.6221307653319817
95,state,MA,2004,2912388.0,0.25157739971459847,0.6301864991009354
96,state,MA,2008,3081336.0,0.2580757178055233,0.6667436984336153
97,state,MA,2012,3167767.0,0.2313857048198305,0.6599693325027552
98,state,MA,2016,3274555.0,0.2761605775441243,0.6595695396586088
99,state,MA,2020,3500056.0,0.3274639034346879,0.704990548242235
100,state,MD,2004,2386678.0,0.12979966296249432,0.6068316545957745
101,state,MD,2008,2631596.0,0.2544482511753324,0.6691039825680807
102,state,MD,2012,2707327.0,0.26076458440373107,0.6535545864599942
103,state,MD,2016,2781446.0,0.26416439506645106,0.6525554911681005
104,state,MD,2020,2917146.0,0.3245836855611615,0.6843920898838445
105,state,ME,2004,686510.0,0.08034260243842041,0.6733791074055909
106,state,ME,2008,731163.0,0.17321718960067728,0.7171780284453163
107,state,ME,2012,710126.0,0.15182798545610215,0.6799823810481361
108,state,ME,2016,743941.0,0.026578720624350585,0.7021325191473698
109,state,ME,2020,786337.0,0.09971297293653993,0.7421459211265213
110,state,MI,2004,4839252.0,0.034186481712463,0.6603962990256285
111,state,MI,2008,5001766.0,0.16472981742848425,0.682574033134092
112,state,MI,2012,4730961.0,0.09497288183098529,0.6438731514522991
113,state,MI,2016,4799284.0,-0.002230332691293118,0.6422457331124393
114,state,MI,2020,5533254.0,0.02664092412891221,0.7404664470215425
115,state,MN,2004,2827850.0,0.03476139116289761,0.7517648669520938
116,state,MN,2008,2910369.0,0.10237361654140764,0.7737019870454579
117,state,MN,2012,2936561.0,0.07694102046577612,0.7490262096337079
118,state,MN,2016,2944813.0,0.015201304802715827,0.7294060969341944
119,state,MN,2020,3268372.0,0.07115530300712404,0.8095490151153935
120,state,MO,2004,2589941.0,-0.10235986070725163,0.5926652006068663
121,state,MO,2008,2771986.0,-0.0332436743908519,0.6343231906709169
122,state,MO,2012,2620510.0,-0.12776329798398023,0.5819469443182941
123,state,MO,2016,2678780.0,-0.2226849535982798,0.5841225122601663
124,state,MO,2020,3010316.0,-0.1557966007555353,0.6564157357517134
125,state,MS,2004,1114859.0,-0.2029503282477874,0.5245481963140536
126,state,MS,2008,1285259.0,-0.13214068137239265,0.6047224718519599
127,state,MS,2012,1285584.0,-0.1149648719959178,0.5839555577762535
128,state,MS,2016,1209357.0,-0.1782624981705154,0.5426374084934255
129,state,MS,2020,1260790.0,-0.18726512742010962,0.5657153497721731
130,state,MT,2004,450434.0,-0.20503114773751538,0.6178835245783578
131,state,MT,2008,494668.0,-0.0224595081953957,0.6797738063336976
132,state,MT,2012,483932.0,-0.13656670771926635,0.6252189865894938
133,state,MT,2016,497147.0,-0.2042273210941633,0.6181421430880562
134,state,MT,2020,605387.0,-0.16278512752999322,0.7530485188110684
135,state,NC,2004,3501007.0,-0.12434051117292824,0.5420698635460681
136,state,NC,2008,4310789.0,0.003288725103455539,0.6674504806776711
137,state,NC,2012,4505372.0,-0.020420955250753988,0.6422281838630862
138,state,NC,2016,4741564.0,-0.0365522852797094,0.6396135526367263
139,state,NC,2020,5522618.0,-0.013277217435643748,0.7449738775719429
140,state,ND,2004,312833.0,-0.2736252249602823,0.639956222447247
141,state,ND,2008,316621.0,-0.0862956026290107,0.6477052584205304
142,state,ND,2012,322932.0,-0.19618371669577497,0.6029744288741796
143,state,ND,2016,344360.0,-0.3572888837263329,0.6120323469297076
144,state,ND,2020,361808.0,-0.333558130279043,0.6430427441571137
145,state,NE,2004,777920.0,-0.33200071986836693,0.6132815117603699
146,state,NE,2008,801018.0,-0.14916269047636882,0.631491065903008
147,state,NE,2012,794379.0,-0.21775877761119064,0.599764436743338
148,state,NE,2016,844187.0,-0.2504978162421359,0.6212716320590519
149,state,NE,2020,946256.0,-0.19219217632437732,0.696388370663929
150,state,NH,2004,677662.0,0.0136852885361729,0.6870052716950528
151,state,NH,2008,710970.0,0.0960546858517237,0.720772506082725
152,state,NH,2012,710931.0,0.05576209224242578,0.7013609301086673
153,state,NH,2016,744296.0,0.0036759568773713685,0.710067210135422
154,state,NH,2020,804453.0,0.07368609477495888,0.7674577014992296
155,state,NJ,2004,3609691.0,0.06743707425372421,0.6210242443844968
156,state,NJ,2008,3838498.0,0.1568881890781238,0.6603890249944946
157,state,NJ,2012,3640292.0,0.17787941187135536,0.6064293008464341
158,state,NJ,2016,3874046.0,0.14102697799664743,0.6332613553332102
159,state,NJ,2020,4257003.0,0.1558098502632016,0.6958604749240308
160,state,NM,2004,755660.0,-0.007764073789799646,0.5604726108933399
161,state,NM,2008,829532.0,0.15151675884715718,0.6152634331042718
162,state,NM,2012,783157.0,0.10165777743160057,0.5410429742417072
163,state,NM,2016,797792.0,0.0823798684368858,0.5371956865002812
164,state,NM,2020,923219.0,0.10808161443817772,0.6216523410802604
165,state,NV,2004,829587.0,-0.025916510263540773,0.5103266486220472
166,state,NV,2008,967848.0,0.1249256081533464,0.595378937007874
167,state,NV,2012,1014918.0,0.06680933829136936,0.5545318198582142
168,state,NV,2016,1125385.0,0.02417128360516623,0.5702078393222675
169,state,NV,2020,1405376.0,0.02390534632724623,0.7120731237713058
170,state,NY,2004,7391036.0,0.18586866577297148,0.5639427117569389
171,state,NY,2008,7591233.0,0.2670715020866834,0.5792179233870276
172,state,NY,2012,7061925.0,0.2974870166420629,0.526027149307785
173,state,NY,2016,7707363.0,0.22484642282970194,0.5631281328326524
174,state,NY,2020,6768394.0,0.13407877851082547,0.49452362312450154
175,state,OH,2004,5625631.0,-0.02111318712514205,0.6569447031380918
176,state,OH,2008,5698048.0,0.04543608618249618,0.6654013481912692
177,state,OH,2012,5580822.0,0.02978306779897298,0.6430629717117013
178,state,OH,2016,5496487.0,-0.08129574399066167,0.6247484632731373
179,state,OH,2020,5764587.0,-0.08165771459429791,0.655221575099569
180,state,OK,2004,1463758.0,-0.3114080332951212,0.5624808584631051
181,state,OK,2008,1462661.0,-0.31290162245387004,0.5620593123456908
182,state,OK,2012,1334872.0,-0.3354463948603312,0.48554925069111016
183,state,OK,2016,1452992.0,-0.3639118453508347,0.5153943426912387
184,state,OK,2020,1560699.0,-0.3308709751207632,0.5535993558422027
185,state,OR,2004,1836782.0,0.04155746299778634,0.6897118599835156
186,state,OR,2008,1827864.0,0.1634782456462844,0.6863631499203001
187,state,OR,2012,1789270.0,0.1208945547625568,0.6321291482735657
188,state,OR,2016,2001336.0,0.10977816818365332,0.6666098206018133
189,state,OR,2020,2357873.0,0.16159988260606062,0.7853660242617229
190,state,PA,2004,5765764.0,0.025018020161768673,0.6126309570864519
191,state,PA,2008,5977981.0,0.10314335224551567,0.6351796954357869
192,state,PA,2012,5742040.0,0.053959916684662594,0.5933772042228487
193,state,PA,2016,6115402.0,-0.007242696391831641,0.6273307421096418
194,state,PA,2020,6869264.0,0.009927264405619,0.7046634845701143
195,state,RI,2004,436289.0,0.20792181329348208,0.5744386146239985
196,state,RI,2008,471766.0,0.2780615813772082,0.6211493011895906
197,state,RI,2012,445719.0,0.2742938936863809,0.5760355144293524
198,state,RI,2016,463416.0,0.15406891432319988,0.5873013459052544
199,state,RI,2020,513602.0,0.20709031506886655,0.6509036068233087
200,state,SC,2004,1617730.0,-0.1707794254912748,0.4991129855825448
201,state,SC,2008,1920969.0,-0.08977083961271629,0.5926703299076579
202,state,SC,2012,1964118.0,-0.10473097848499938,0.5587150326276803
203,state,SC,2016,2103027.0,-0.14265912896030342,0.5636109767389507
204,state,SC,2020,2513329.0,-0.1168020581467846,0.6735718621569434
205,state,SD,2004,388215.0,-0.21467485800394112,0.6568114912191656
206,state,SD,2008,377708.0,-0.08506571213741833,0.6390349541501709
207,state,SD,2012,361399.0,-0.17903757342992094,0.5888614607519654
208,state,SD,2016,367188.0,-0.30646971033911785,0.586154988147214
209,state,SD,2020,420221.0,-0.2601869016541296,0.6637566242033186
210,state,TN,2004,2430494.0,-0.14331037229468577,0.5360187634597721
211,state,TN,2008,2600124.0,-0.15066242994564874,0.5734287973235385
212,state,TN,2012,2458577.0,-0.20402899726142398,0.5137458495190771
213,state,TN,2016,2508027.0,-0.2600570089556452,0.5051515639791335
214,state,TN,2020,3049514.0,-0.23296958138247603,0.6142145863965035
215,state,TX,2004,7410749.0,-0.22861562306320185,0.4974859026341935
216,state,TX,2008,8077795.0,-0.11769239006436781,0.5422649096425982
217,state,TX,2012,7993851.0,-0.1578361918429553,0.48361088743707464
218,state,TX,2016,8968662.0,-0.08994775363370813,0.5021938281417764
219,state,TX,2020,11278524.0,-0.05651501916385513,0.6315329023826409
220,state,UT,2004,927844.0,-0.45540306344601034,0.5445157807016514
221,state,UT,2008,952370.0,-0.28178124048426556,0.5589091421260813
222,state,UT,2012,1017440.0,-0.4804086727472873,0.5555986348122867
223,state,UT,2016,1131430.0,-0.1807933323316511,0.5705906975102248
224,state,UT,2020,1463290.0,-0.201236255287742,0.7381276056970342
225,state,VA,2004,3198367.0,-0.08198465029185206,0.5816566400907848
226,state,VA,2008,3723260.0,0.06298969182920344,0.6771139465184625
227,state,VA,2012,3851684.0,0.038840154072867866,0.6553263672255489
228,state,VA,2016,3984631.0,0.053211953628830376,0.6536216205576064
229,state,VA,2020,4442604.0,0.10143262825135889,0.7287455290027369
230,state,VT,2004,312309.0,0.20136147213176694,0.6510438707122086
231,state,VT,2008,325046.0,0.3700645447105948,0.6775956056326284
232,state,VT,2012,299290.0,0.35597915065655383,0.6088699013325196
233,state,VT,2016,315077.0,0.2640751308410325,0.6369373831303381
234,state,VT,2020,367428.0,0.35412652274731377,0.7427664628291303
235,state,WA,2004,2859084.0,0.07180866319422584,0.6306418064191671
236,state,WA,2008,3036878.0,0.17176587271533464,0.6698586777424613
237,state,WA,2012,3125516.0,0.14868776867563627,0.6421932466806659
238,state,WA,2016,3209214.0,0.1623360112476139,0.6202620234191766
239,state,WA,2020,4034129.0,0.19440231088296878,0.7796977753038531
240,state,WI,2004,2997007.0,0.0037984562598619223,0.7212813604436941
241,state,WI,2008,2983417.0,0.13904124029594253,0.7180106928448431
242,state,WI,2012,3071434.0,0.06837815821534828,0.719344975660253
243,state,WI,2016,2975753.0,-0.007600429202289303,0.6844902700464646
244,state,WI,2020,3297225.0,0.00623039070733723,0.75843607673552
245,state,WV,2004,755659.0,-0.12837668842692274,0.5342932797856206
246,state,WV,2008,713451.0,-0.13120592724658037,0.5044498573514387
247,state,WV,2012,670440.0,-0.26756458445200165,0.4601573116995429
248,state,WV,2016,713051.0,-0.42153646793847843,0.49447894453979646
249,state,WV,2020,793902.0,-0.3894296777184086,0.5505466271389192
250,state,WY,2004,243428.0,-0.3978712391343642,0.6243344447294178
251,state,WY,2008,256035.0,-0.3206202277032437,0.6566683765067967
252,state,WY,2012,249061.0,-0.4082373394469628,0.5828646985174524
253,state,WY,2016,255849.0,-0.462952757290433,0.5918525972448732
254,state,WY,2020,276765.0,-0.4338265315339729,0.640237343419272
0,race,Non-Hispanic White,2012,95260480.271,-0.14,0.6409999999999999
1,race,Non-Hispanic Black,2012,17320087.322,0.94,0.664
2,race,Hispanic,2012,10857368.172,0.46,0.48
3,race,Other,2012,5816447.234999999,0.22,0.49
4,race,Non-Hispanic White,2008,99991045.469,-0.12,0.6609999999999999
5,race,Non-Hispanic Black,2008,16250183.012,1.0,0.652
6,race,Hispanic,2008,9697689.862000002,0.46,0.499
7,race,Other,2008,5110944.657,0.64,0.495
8,race,Non-Hispanic White,2004,96796006.56,-0.16,0.672
9,race,Non-Hispanic Black,2004,13688324.159999998,0.78,0.603
10,race,Hispanic,2004,7333030.8,0.22,0.47200000000000003
11,race,Other,2004,4399818.48,-0.28,0.48
12,race,Non-Hispanic White,2016,100179568.858,-0.1442,0.653
13,race,Non-Hispanic Black,2016,16947157.624,0.8361,0.593
14,race,Hispanic,2016,12573697.592,0.4475,0.47600000000000003
15,race,Other,2016,6833531.300000001,0.2585,0.49
16,sex,male,2004,63540711.88200001,-0.0132,0.621
17,sex,female,2004,58676468.118,-0.1003,0.654
18,sex,male,2008,56325231.117400005,0.0371,0.615
19,sex,female,2008,74724631.88260001,0.1382,0.657
20,sex,male,2012,61912849.456999995,0.0166,0.597
21,sex,female,2012,67341533.543,0.1188,0.637
22,sex,male,2016,63251165.712799996,-0.0142,0.593
23,sex,female,2016,71724744.5248,0.1018,0.633
24,age,17 - 29,2004,15106043.448,0.0167,0.49
25,age,30 - 44,2004,31263154.644000005,0.2084,0.624
26,age,45 - 59,2004,39427262.268,-0.1588,0.7
27,age,60 +,2004,36420719.64,-0.1097,0.7140000000000001
28,age,17 - 29,2008,18504240.6556,0.3457,0.511
29,age,30 - 44,2008,35121363.284,0.2785,0.618
30,age,45 - 59,2008,32893515.613,0.1388,0.685
31,age,60 +,2008,44530743.447399996,0.0397,0.708
32,age,17 - 29,2012,18018060.990199998,0.2873,0.45
33,age,30 - 44,2012,34149007.9886,0.2034,0.595
34,age,45 - 59,2012,38246371.9297,0.0649,0.669
35,age,60 +,2012,38828016.6532,0.0825,0.718
36,age,17 - 29,2016,23685019.4858,0.1968,0.461
37,age,30 - 44,2016,33566305.7456,0.2092,0.588
38,age,45 - 59,2016,46222005.7132,-0.0331,0.659
39,age,60 +,2016,33183627.992799997,-0.0194,0.703
40,education,High School Grad,2004,36249615.588,-0.1865,0.564
41,education,Less Than High School,2004,5756429.178,0.3044,0.395
42,education,Some College to Post-Graduate,2004,80211135.234,-0.0214,0.7488
43,education,High School Grad,2008,44596268.3789,0.1751,0.5489999999999999
44,education,Less Than High School,2008,1913327.9998,0.5163,0.39399999999999996
45,education,Some College to Post-Graduate,2008,84042277.1419,0.0418,0.74
46,education,High School Grad,2012,42860753.4028,0.1007,0.526
47,education,Less Than High School,2012,1744934.1705,0.4084,0.38
48,education,Some College to Post-Graduate,2012,83330300.7201,0.0452,0.713
49,education,Less Than High School,2016,1189034.4462,0.4447,0.34299999999999997
50,education,High School Grad,2016,41752876.243,-0.0369,0.516
51,education,Some College to Post-Graduate,2016,93728715.3108,0.0832,0.7059
0,density,High Density,2004,6984565.0,0.4992001649351105,0.541977553670565
1,density,High Density,2008,7462111.0,0.5944931668799888,0.5790334351528281
2,density,High Density,2012,7190322.0,0.603727204428397,0.5426830133483477
3,density,High Density,2016,7739251.0,0.6138170218280813,0.5663953097344161
4,density,High Density,2020,7442265.0,0.5564436364467,0.5446604574267723
5,density,Low Density,2004,58373928.0,-0.02167880496237978,0.5975451422296157
6,density,Low Density,2008,63605293.0,0.08605121903927083,0.6510960484317825
7,density,Low Density,2012,63122558.0,0.054519922972703354,0.6040209881132205
8,density,Low Density,2016,67313370.0,0.05624481436600188,0.6121984367666645
9,density,Low Density,2020,77585284.0,0.09203700279037452,0.707096056850005
10,density,Medium Density,2004,17841535.0,0.12055644315357394,0.6072463373500947
11,density,Medium Density,2008,19019233.0,0.23535475904838013,0.6473299286444835
12,density,Medium Density,2012,18523863.0,0.22728266776751696,0.6000206011619897
13,density,Medium Density,2016,19356304.0,0.27539890879994444,0.5997186732780512
14,density,Medium Density,2020,21975962.0,0.2934270181209815,0.6808838492435781
15,density,Very Low Density,2004,38470535.0,-0.19115359326299985,0.5663507811947363
16,density,Very Low Density,2008,40623530.0,-0.12020767274532765,0.5978155434281065
17,density,Very Low Density,2012,39748373.0,-0.17471049695543514,0.558896584713841
18,density,Very Low Density,2016,41661986.0,-0.26476990319184496,0.5730925908960479
19,density,Very Low Density,2020,47146403.0,-0.25574273396848535,0.6505444844935067
